0.2 0
0.199605 0.0125581
0.198423 0.0250666
0.196457 0.0374763
0.193717 0.049738
0.190211 0.0618034
0.185955 0.0736249
0.180965 0.0851559
0.175261 0.0963507
0.168866 0.107165
0.161803 0.117557
0.154103 0.127485
0.145794 0.136909
0.136909 0.145794
0.127485 0.154103
0.117557 0.161803
0.107165 0.168866
0.0963507 0.175261
0.0851559 0.180965
0.0736249 0.185955
0.0618034 0.190211
0.049738 0.193717
0.0374763 0.196457
0.0250666 0.198423
0.0125581 0.199605
1.22461e-017 0.2
-0.0125581 0.199605
-0.0250666 0.198423
-0.0374763 0.196457
-0.049738 0.193717
-0.0618034 0.190211
-0.0736249 0.185955
-0.0851559 0.180965
-0.0963507 0.175261
-0.107165 0.168866
-0.117557 0.161803
-0.127485 0.154103
-0.136909 0.145794
-0.145794 0.136909
-0.154103 0.127485
-0.161803 0.117557
-0.168866 0.107165
-0.175261 0.0963507
-0.180965 0.0851559
-0.185955 0.0736249
-0.190211 0.0618034
-0.193717 0.049738
-0.196457 0.0374763
-0.198423 0.0250666
-0.199605 0.0125581
-0.2 2.44921e-017
-0.199605 -0.0125581
-0.198423 -0.0250666
-0.196457 -0.0374763
-0.193717 -0.049738
-0.190211 -0.0618034
-0.185955 -0.0736249
-0.180965 -0.0851559
-0.175261 -0.0963507
-0.168866 -0.107165
-0.161803 -0.117557
-0.154103 -0.127485
-0.145794 -0.136909
-0.136909 -0.145794
-0.127485 -0.154103
-0.117557 -0.161803
-0.107165 -0.168866
-0.0963507 -0.175261
-0.0851559 -0.180965
-0.0736249 -0.185955
-0.0618034 -0.190211
-0.049738 -0.193717
-0.0374763 -0.196457
-0.0250666 -0.198423
-0.0125581 -0.199605
-3.67382e-017 -0.2
0.0125581 -0.199605
0.0250666 -0.198423
0.0374763 -0.196457
0.049738 -0.193717
0.0618034 -0.190211
0.0736249 -0.185955
0.0851559 -0.180965
0.0963507 -0.175261
0.107165 -0.168866
0.117557 -0.161803
0.127485 -0.154103
0.136909 -0.145794
0.145794 -0.136909
0.154103 -0.127485
0.161803 -0.117557
0.168866 -0.107165
0.175261 -0.0963507
0.180965 -0.0851559
0.185955 -0.0736249
0.190211 -0.0618034
0.193717 -0.049738
0.196457 -0.0374763
0.198423 -0.0250666
0.199605 -0.0125581